[INFERENCE ONLY MODE]
Dataset: IndianPines
Samples: total=10249

[Metrics]
Test loss (%) 13.4062
Test accuracy (%) 86.5938

Kappa accuracy (%) 84.64
Overall accuracy (%) 86.59
Average accuracy (%) 85.88

              precision    recall  f1-score   support

           1     0.9231    0.7826    0.8471        46
           2     0.8170    0.8067    0.8118      1428
           3     0.9149    0.6735    0.7759       830
           4     0.7738    0.8228    0.7975       237
           5     0.9582    0.9482    0.9532       483
           6     0.9373    0.9836    0.9599       730
           7     0.9630    0.9286    0.9455        28
           8     0.9773    0.9916    0.9844       478
           9     0.9286    0.6500    0.7647        20
          10     0.8135    0.7942    0.8037       972
          11     0.8079    0.8872    0.8457      2455
          12     0.8579    0.8449    0.8513       593
          13     0.9488    0.9951    0.9714       205
          14     0.9248    0.9818    0.9525      1265
          15     0.8854    0.6606    0.7567       386
          16     1.0000    0.9892    0.9946        93

    accuracy                         0.8659     10249
   macro avg     0.9020    0.8588    0.8760     10249
weighted avg     0.8677    0.8659    0.8640     10249


[[  36    0    0    0    0    0    0    9    0    0    0    1    0    0
     0    0]
 [   0 1152    7    8    0    2    0    0    0   66  169   23    1    0
     0    0]
 [   0   33  559   25    0    0    0    0    0    4  188   21    0    0
     0    0]
 [   1    6   11  195    0    6    0    1    0    5    6    6    0    0
     0    0]
 [   0    1    0    3  458    4    0    0    0    1    2    5    0    7
     2    0]
 [   0    0    0    1    1  718    0    0    0    0    0    0    0    1
     9    0]
 [   0    0    0    0    1    0   26    1    0    0    0    0    0    0
     0    0]
 [   2    0    0    0    2    0    0  474    0    0    0    0    0    0
     0    0]
 [   0    0    0    0    0    0    0    0   13    0    0    0    7    0
     0    0]
 [   0   59    3    3    0    2    0    0    0  772  129    3    0    0
     1    0]
 [   0  128   16    7    4    7    1    0    0   86 2178   24    0    0
     4    0]
 [   0   31   15    8    0    0    0    0    0   12   24  501    0    0
     2    0]
 [   0    0    0    0    0    0    0    0    0    1    0    0  204    0
     0    0]
 [   0    0    0    0    5    2    0    0    0    0    0    0    1 1242
    15    0]
 [   0    0    0    2    7   25    0    0    1    1    0    0    2   93
   255    0]
 [   0    0    0    0    0    0    0    0    0    1    0    0    0    0
     0   92]]
