Dataset: IndianPines
Samples: total=10249, train=7174, test=3075

[Hyper-parameters]
kernel=rbf, C=10.0, gamma=scale, degree=3, class_weight=None
pca_components=30, window_size=25, lr=0.001, epochs=100

[Metrics]
Test loss (%) 15.0244
Test accuracy (%) 84.9756

Kappa accuracy (%) 82.78
Overall accuracy (%) 84.98
Average accuracy (%) 83.10

              precision    recall  f1-score   support

           1     0.8182    0.6429    0.7200        14
           2     0.7986    0.8248    0.8115       428
           3     0.9153    0.6506    0.7606       249
           4     0.7067    0.7465    0.7260        71
           5     0.9433    0.9172    0.9301       145
           6     0.9261    0.9726    0.9488       219
           7     1.0000    0.8750    0.9333         8
           8     0.9589    0.9790    0.9689       143
           9     1.0000    0.6667    0.8000         6
          10     0.7929    0.7603    0.7762       292
          11     0.7973    0.8697    0.8319       737
          12     0.8229    0.8090    0.8159       178
          13     0.9385    1.0000    0.9683        61
          14     0.9202    0.9711    0.9449       380
          15     0.8333    0.6466    0.7282       116
          16     1.0000    0.9643    0.9818        28

    accuracy                         0.8498      3075
   macro avg     0.8857    0.8310    0.8529      3075
weighted avg     0.8518    0.8498    0.8478      3075


[[  9   0   0   0   0   0   0   5   0   0   0   0   0   0   0   0]
 [  0 353   2   0   0   1   0   0   0  16  46   9   1   0   0   0]
 [  0  10 162   8   0   0   0   0   0   1  58  10   0   0   0   0]
 [  1   4   3  53   0   2   0   1   0   1   4   2   0   0   0   0]
 [  0   1   0   1 133   2   0   0   0   1   0   2   0   4   1   0]
 [  0   0   0   1   1 213   0   0   0   0   0   0   0   0   4   0]
 [  0   0   0   0   1   0   7   0   0   0   0   0   0   0   0   0]
 [  1   0   0   0   2   0   0 140   0   0   0   0   0   0   0   0]
 [  0   0   0   0   0   0   0   0   4   0   0   0   2   0   0   0]
 [  0  21   1   1   0   0   0   0   0 222  46   0   0   0   1   0]
 [  0  45   4   3   1   2   0   0   0  32 641   8   0   0   1   0]
 [  0   8   5   6   0   0   0   0   0   5   9 144   0   0   1   0]
 [  0   0   0   0   0   0   0   0   0   0   0   0  61   0   0   0]
 [  0   0   0   0   2   1   0   0   0   0   0   0   1 369   7   0]
 [  0   0   0   2   1   9   0   0   0   1   0   0   0  28  75   0]
 [  0   0   0   0   0   0   0   0   0   1   0   0   0   0   0  27]]
