[INFERENCE ONLY MODE]
Dataset: PaviaU
Samples: total=42776

[Metrics]
Test loss (%) 5.5498
Test accuracy (%) 94.4502

Kappa accuracy (%) 92.61
Overall accuracy (%) 94.45
Average accuracy (%) 92.43

              precision    recall  f1-score   support

           1     0.9511    0.9445    0.9478      6631
           2     0.9614    0.9832    0.9722     18649
           3     0.8540    0.7970    0.8245      2099
           4     0.9784    0.9455    0.9617      3064
           5     1.0000    0.9993    0.9996      1345
           6     0.9414    0.8880    0.9139      5029
           7     0.8862    0.8549    0.8703      1330
           8     0.8606    0.9071    0.8832      3682
           9     1.0000    0.9989    0.9995       947

    accuracy                         0.9445     42776
   macro avg     0.9370    0.9243    0.9303     42776
weighted avg     0.9444    0.9445    0.9442     42776


[[ 6263    11    48     0     0    16   144   149     0]
 [    1 18336     0    64     0   244     0     4     0]
 [   46    11  1673     0     0     1     0   368     0]
 [    0   165     0  2897     0     2     0     0     0]
 [    1     0     0     0  1344     0     0     0     0]
 [    5   539     0     0     0  4466     0    19     0]
 [  192     0     0     0     0     0  1137     1     0]
 [   76    11   238     0     0    15     2  3340     0]
 [    1     0     0     0     0     0     0     0   946]]
