[INFERENCE ONLY MODE]
Dataset: Salinas
Samples: total=54129

[Metrics]
Test loss (%) 7.3602
Test accuracy (%) 92.6398

Kappa accuracy (%) 91.78
Overall accuracy (%) 92.64
Average accuracy (%) 96.25

              precision    recall  f1-score   support

           1     1.0000    0.9940    0.9970      2009
           2     0.9968    1.0000    0.9984      3726
           3     0.9680    0.9939    0.9808      1976
           4     0.9907    0.9950    0.9928      1394
           5     0.9925    0.9899    0.9912      2678
           6     0.9997    0.9997    0.9997      3959
           7     1.0000    0.9997    0.9999      3579
           8     0.7936    0.9058    0.8460     11271
           9     0.9955    0.9998    0.9977      6203
          10     0.9802    0.9500    0.9648      3278
          11     0.9712    0.9803    0.9758      1068
          12     0.9831    0.9979    0.9905      1927
          13     0.9848    0.9934    0.9891       916
          14     0.9914    0.9682    0.9797      1070
          15     0.8172    0.6397    0.7176      7268
          16     1.0000    0.9928    0.9964      1807

    accuracy                         0.9264     54129
   macro avg     0.9666    0.9625    0.9636     54129
weighted avg     0.9271    0.9264    0.9245     54129


[[ 1997    12     0     0     0     0     0     0     0     0     0     0
      0     0     0     0]
 [    0  3726     0     0     0     0     0     0     0     0     0     0
      0     0     0     0]
 [    0     0  1964     0    11     0     0     0     0     1     0     0
      0     0     0     0]
 [    0     0     0  1387     7     0     0     0     0     0     0     0
      0     0     0     0]
 [    0     0    11    12  2651     1     0     2     0     1     0     0
      0     0     0     0]
 [    0     0     0     0     1  3958     0     0     0     0     0     0
      0     0     0     0]
 [    0     0     0     0     1     0  3578     0     0     0     0     0
      0     0     0     0]
 [    0     0     0     0     0     0     0 10209     0    32     0     0
      0     0  1030     0]
 [    0     0     0     0     0     0     0     0  6202     1     0     0
      0     0     0     0]
 [    0     0    51     1     0     0     0    24    28  3114    31    18
      0     3     8     0]
 [    0     0     3     0     0     0     0     0     0     3  1047    15
      0     0     0     0]
 [    0     0     0     0     0     0     0     0     0     4     0  1923
      0     0     0     0]
 [    0     0     0     0     0     0     0     0     0     0     0     0
    910     6     0     0]
 [    0     0     0     0     0     0     0    12     0     8     0     0
     14  1036     0     0]
 [    0     0     0     0     0     0     0  2613     0     6     0     0
      0     0  4649     0]
 [    0     0     0     0     0     0     0     4     0     7     0     0
      0     0     2  1794]]
