Test loss (%) 219.3192
Test accuracy (%) 26.7967

Kappa accuracy (%) 5.19
Overall accuracy (%) 26.80
Average accuracy (%) 8.16

              precision    recall  f1-score   support

           0       0.00      0.00      0.00        14
           1       0.36      0.23      0.28       428
           2       0.00      0.00      0.00       249
           3       0.00      0.00      0.00        71
           4       1.00      0.08      0.15       145
           5       0.00      0.00      0.00       219
           6       0.00      0.00      0.00         8
           7       0.00      0.00      0.00       143
           8       0.00      0.00      0.00         6
           9       0.00      0.00      0.00       292
          10       0.25      0.94      0.40       737
          11       0.00      0.00      0.00       178
          12       0.00      0.00      0.00        61
          13       0.34      0.05      0.09       380
          14       0.00      0.00      0.00       116
          15       0.00      0.00      0.00        28

    accuracy                           0.27      3075
   macro avg       0.12      0.08      0.06      3075
weighted avg       0.20      0.27      0.15      3075

[[  0   0   0   0   0   0   0   0   0   0  14   0   0   0   0   0]
 [  0  98   0   0   0   0   0   0   0   0 330   0   0   0   0   0]
 [  0   0   0   0   0   0   0   0   0   0 249   0   0   0   0   0]
 [  0   0   0   0   0   0   0   0   0   0  71   0   0   0   0   0]
 [  0   0   0   0  12   0   0   0   0   0 133   0   0   0   0   0]
 [  0   3   0   0   0   0   0   0   0   0 216   0   0   0   0   0]
 [  0   2   0   0   0   0   0   0   0   0   6   0   0   0   0   0]
 [  0   0   0   0   0   0   0   0   0   0 112   0   0  31   0   0]
 [  0   0   0   0   0   0   0   0   0   0   6   0   0   0   0   0]
 [  0  35   0   0   0   0   0   0   0   0 257   0   0   0   0   0]
 [  0  39   0   0   0   0   0   0   0   0 694   0   0   4   0   0]
 [  0  29   0   0   0   0   0   0   0   0 148   0   0   1   0   0]
 [  0   0   0   0   0   0   0   0   0   0  61   0   0   0   0   0]
 [  0  28   0   0   0   0   0   0   0   0 332   0   0  20   0   0]
 [  0  28   0   0   0   0   0   0   0   0  88   0   0   0   0   0]
 [  0   7   0   0   0   0   0   0   0   0  18   0   0   3   0   0]]