Test loss (%) 36.0586
Test accuracy (%) 90.8293

Kappa accuracy (%) 89.51
Overall accuracy (%) 90.83
Average accuracy (%) 77.16

              precision    recall  f1-score   support

           0       1.00      0.43      0.60        14
           1       0.86      0.82      0.84       428
           2       0.87      0.90      0.89       249
           3       0.93      0.75      0.83        71
           4       0.96      0.94      0.95       145
           5       0.90      0.99      0.95       219
           6       0.00      0.00      0.00         8
           7       0.96      1.00      0.98       143
           8       0.00      0.00      0.00         6
           9       0.92      0.78      0.84       292
          10       0.90      0.95      0.93       737
          11       0.90      0.92      0.91       178
          12       1.00      1.00      1.00        61
          13       0.93      1.00      0.96       380
          14       0.92      0.87      0.89       116
          15       0.93      1.00      0.97        28

    accuracy                           0.91      3075
   macro avg       0.81      0.77      0.78      3075
weighted avg       0.90      0.91      0.90      3075

[[  6   5   0   0   1   0   0   1   0   1   0   0   0   0   0   0]
 [  0 353   3   0   0   1   0   0   0  15  34   9   0  11   2   0]
 [  0   6 224   4   1   3   0   0   0   0   9   0   0   2   0   0]
 [  0   9   9  53   0   0   0   0   0   0   0   0   0   0   0   0]
 [  0   2   4   0 136   0   0   0   0   0   1   0   0   0   2   0]
 [  0   0   0   0   0 217   0   0   0   0   2   0   0   0   0   0]
 [  0   0   0   0   3   0   0   3   0   0   0   0   0   0   2   0]
 [  0   0   0   0   0   0   0 143   0   0   0   0   0   0   0   0]
 [  0   3   1   0   0   2   0   0   0   0   0   0   0   0   0   0]
 [  0  25   8   0   0   3   0   0   0 227  27   2   0   0   0   0]
 [  0   3   4   0   1  13   0   2   0   3 701   5   0   4   1   0]
 [  0   1   3   0   0   1   0   0   0   1   1 164   0   4   2   1]
 [  0   0   0   0   0   0   0   0   0   0   0   0  61   0   0   0]
 [  0   0   0   0   0   0   0   0   0   1   0   0   0 379   0   0]
 [  0   2   1   0   0   0   0   0   0   0   0   2   0   9 101   1]
 [  0   0   0   0   0   0   0   0   0   0   0   0   0   0   0  28]]