Test loss (%) 213.4523
Test accuracy (%) 28.2276

Kappa accuracy (%) 7.68
Overall accuracy (%) 28.23
Average accuracy (%) 8.49

              precision    recall  f1-score   support

           0       0.00      0.00      0.00        14
           1       0.30      0.22      0.25       428
           2       0.00      0.00      0.00       249
           3       0.00      0.00      0.00        71
           4       0.00      0.00      0.00       145
           5       0.00      0.00      0.00       219
           6       0.00      0.00      0.00         8
           7       0.00      0.00      0.00       143
           8       0.00      0.00      0.00         6
           9       0.00      0.00      0.00       292
          10       0.27      0.96      0.42       737
          11       0.00      0.00      0.00       178
          12       0.00      0.00      0.00        61
          13       0.37      0.18      0.25       380
          14       0.00      0.00      0.00       116
          15       0.00      0.00      0.00        28

    accuracy                           0.28      3075
   macro avg       0.06      0.08      0.06      3075
weighted avg       0.15      0.28      0.17      3075

[[  0   0   0   0   0   0   0   0   0   0  14   0   0   0   0   0]
 [  0  93   0   0   0   0   0   0   0   0 317   0   0  18   0   0]
 [  0   0   0   0   0   0   0   0   0   0 249   0   0   0   0   0]
 [  0  23   0   0   0   0   0   0   0   0  48   0   0   0   0   0]
 [  0  39   0   0   0   0   0   0   0   0  77   0   0  29   0   0]
 [  0   2   0   0   0   0   0   0   0   0 217   0   0   0   0   0]
 [  0   0   0   0   0   0   0   0   0   0   8   0   0   0   0   0]
 [  0  10   0   0   0   0   0   0   0   0 133   0   0   0   0   0]
 [  0   0   0   0   0   0   0   0   0   0   6   0   0   0   0   0]
 [  0  18   0   0   0   0   0   0   0   0 273   0   0   1   0   0]
 [  0   9   0   0   0   0   0   0   0   0 705   0   0  23   0   0]
 [  0  44   0   0   0   0   0   0   0   0 116   0   0  18   0   0]
 [  0   0   0   0   0   0   0   0   0   0  61   0   0   0   0   0]
 [  0  36   0   0   0   0   0   0   0   0 274   0   0  70   0   0]
 [  0  32   0   0   0   0   0   0   0   0  75   0   0   9   0   0]
 [  0   0   0   0   0   0   0   0   0   0   8   0   0  20   0   0]]