Test loss (%) 136.9942
Test accuracy (%) 60.4878

Kappa accuracy (%) 53.59
Overall accuracy (%) 60.49
Average accuracy (%) 41.38

              precision    recall  f1-score   support

           0       0.00      0.00      0.00        14
           1       0.39      0.45      0.42       428
           2       0.81      0.36      0.50       249
           3       0.00      0.00      0.00        71
           4       0.48      0.48      0.48       145
           5       0.84      0.79      0.82       219
           6       0.00      0.00      0.00         8
           7       0.77      0.92      0.84       143
           8       0.00      0.00      0.00         6
           9       0.88      0.42      0.57       292
          10       0.55      0.83      0.66       737
          11       0.68      0.21      0.32       178
          12       0.89      0.92      0.90        61
          13       0.66      0.88      0.75       380
          14       0.57      0.36      0.44       116
          15       0.00      0.00      0.00        28

    accuracy                           0.60      3075
   macro avg       0.47      0.41      0.42      3075
weighted avg       0.61      0.60      0.58      3075

[[  0  10   0   0   0   0   0   0   0   0   4   0   0   0   0   0]
 [  0 191   5   0   3   7   0  12   0   3 157   7   0  39   4   0]
 [  0  22  89   0  13   2   0   0   0   0 120   0   0   0   3   0]
 [  0  56   0   0   0   0   0   3   0   0   8   0   0   4   0   0]
 [  0  23   6   0  70  17   0   0   0   0   2   0   4  23   0   0]
 [  0   4   0   0   0 173   0   0   0   0  42   0   0   0   0   0]
 [  0   6   0   0   0   0   0   0   0   0   2   0   0   0   0   0]
 [  0   0   0   0   0   0   0 132   0   0   0   0   0  11   0   0]
 [  0   3   1   0   0   2   0   0   0   0   0   0   0   0   0   0]
 [  0  27   1   0   3   0   0   0   0 122 132   0   0   7   0   0]
 [  0  17   0   0  36   4   0   0   0  12 614  11   1  30  12   0]
 [  0  81   7   0   6   0   0   0   0   0   8  38   0  25  13   0]
 [  0   0   0   0   0   0   0   0   0   0   5   0  56   0   0   0]
 [  0   8   1   0  12   0   0  19   0   1   6   0   0 333   0   0]
 [  0  42   0   0   0   0   0   6   0   0  16   0   2   8  42   0]
 [  0   0   0   0   2   0   0   0   0   0   0   0   0  26   0   0]]