Test loss (%) 59.3481
Test accuracy (%) 84.4553

Kappa accuracy (%) 82.14
Overall accuracy (%) 84.46
Average accuracy (%) 67.77

              precision    recall  f1-score   support

           0       0.00      0.00      0.00        14
           1       0.72      0.64      0.68       428
           2       0.83      0.87      0.85       249
           3       0.90      0.49      0.64        71
           4       0.95      0.85      0.89       145
           5       0.92      0.95      0.93       219
           6       0.00      0.00      0.00         8
           7       0.97      1.00      0.99       143
           8       0.00      0.00      0.00         6
           9       0.85      0.70      0.77       292
          10       0.81      0.94      0.87       737
          11       0.77      0.79      0.78       178
          12       1.00      0.95      0.97        61
          13       0.95      0.99      0.97       380
          14       0.80      0.88      0.84       116
          15       0.96      0.79      0.86        28

    accuracy                           0.84      3075
   macro avg       0.71      0.68      0.69      3075
weighted avg       0.84      0.84      0.84      3075

[[  0   7   0   0   0   0   0   0   0   0   0   7   0   0   0   0]
 [  0 276  16   2   0   3   0   0   0  20  86   7   0   5  13   0]
 [  0   9 217   0   5   0   0   0   0   0  18   0   0   0   0   0]
 [  0  26   2  35   0   0   0   0   0   8   0   0   0   0   0   0]
 [  0  14   1   1 123   0   0   0   0   2   1   1   0   0   2   0]
 [  0   6   2   0   0 208   0   0   0   0   3   0   0   0   0   0]
 [  0   6   0   0   0   0   0   0   0   0   0   2   0   0   0   0]
 [  0   0   0   0   0   0   0 143   0   0   0   0   0   0   0   0]
 [  0   0   5   0   0   0   0   0   0   0   0   1   0   0   0   0]
 [  0  10   6   1   0   4   0   0   0 205  51   7   0   8   0   0]
 [  0   2   4   0   0  12   0   3   0   4 692  11   0   0   9   0]
 [  0  24   5   0   0   0   0   0   0   1   4 141   0   0   2   1]
 [  0   0   2   0   1   0   0   0   0   0   0   0  58   0   0   0]
 [  0   1   0   0   1   0   0   1   0   0   2   0   0 375   0   0]
 [  0   3   1   0   0   0   0   0   0   0   2   1   0   7 102   0]
 [  0   0   0   0   0   0   0   0   0   0   0   6   0   0   0  22]]