Test loss (%) 30.3882
Test accuracy (%) 92.6179

Kappa accuracy (%) 91.55
Overall accuracy (%) 92.62
Average accuracy (%) 80.38

              precision    recall  f1-score   support

           0       1.00      0.86      0.92        14
           1       0.91      0.86      0.89       428
           2       0.87      0.90      0.88       249
           3       1.00      0.85      0.92        71
           4       0.98      0.89      0.93       145
           5       0.96      0.99      0.98       219
           6       0.00      0.00      0.00         8
           7       1.00      1.00      1.00       143
           8       0.00      0.00      0.00         6
           9       0.95      0.88      0.91       292
          10       0.91      0.97      0.94       737
          11       0.89      0.87      0.88       178
          12       1.00      1.00      1.00        61
          13       0.92      1.00      0.96       380
          14       0.94      0.87      0.91       116
          15       0.90      0.93      0.91        28

    accuracy                           0.93      3075
   macro avg       0.83      0.80      0.81      3075
weighted avg       0.92      0.93      0.92      3075

[[ 12   2   0   0   0   0   0   0   0   0   0   0   0   0   0   0]
 [  0 369   2   0   0   3   0   0   0  11  34   4   0   3   2   0]
 [  0  10 223   0   3   0   0   0   0   1  11   0   0   1   0   0]
 [  0   9   2  60   0   0   0   0   0   0   0   0   0   0   0   0]
 [  0   0   5   0 129   0   0   0   0   0   0   1   0   9   1   0]
 [  0   1   0   0   0 217   0   0   0   0   1   0   0   0   0   0]
 [  0   0   0   0   0   0   0   0   0   0   4   0   0   4   0   0]
 [  0   0   0   0   0   0   0 143   0   0   0   0   0   0   0   0]
 [  0   0   6   0   0   0   0   0   0   0   0   0   0   0   0   0]
 [  0   3   8   0   0   0   0   0   0 257  20   4   0   0   0   0]
 [  0   2   3   0   0   5   0   0   0   1 715   5   0   3   3   0]
 [  0   9   8   0   0   0   0   0   0   1   1 155   0   1   0   3]
 [  0   0   0   0   0   0   0   0   0   0   0   0  61   0   0   0]
 [  0   0   0   0   0   0   0   0   0   0   0   0   0 380   0   0]
 [  0   0   0   0   0   0   0   0   0   0   0   3   0  12 101   0]
 [  0   0   0   0   0   0   0   0   0   0   0   2   0   0   0  26]]