Test loss (%) 240.5769
Test accuracy (%) 23.9675

Kappa accuracy (%) 0.00
Overall accuracy (%) 23.97
Average accuracy (%) 6.25

              precision    recall  f1-score   support

           0       0.00      0.00      0.00        14
           1       0.00      0.00      0.00       428
           2       0.00      0.00      0.00       249
           3       0.00      0.00      0.00        71
           4       0.00      0.00      0.00       145
           5       0.00      0.00      0.00       219
           6       0.00      0.00      0.00         8
           7       0.00      0.00      0.00       143
           8       0.00      0.00      0.00         6
           9       0.00      0.00      0.00       292
          10       0.24      1.00      0.39       737
          11       0.00      0.00      0.00       178
          12       0.00      0.00      0.00        61
          13       0.00      0.00      0.00       380
          14       0.00      0.00      0.00       116
          15       0.00      0.00      0.00        28

    accuracy                           0.24      3075
   macro avg       0.01      0.06      0.02      3075
weighted avg       0.06      0.24      0.09      3075

[[  0   0   0   0   0   0   0   0   0   0  14   0   0   0   0   0]
 [  0   0   0   0   0   0   0   0   0   0 428   0   0   0   0   0]
 [  0   0   0   0   0   0   0   0   0   0 249   0   0   0   0   0]
 [  0   0   0   0   0   0   0   0   0   0  71   0   0   0   0   0]
 [  0   0   0   0   0   0   0   0   0   0 145   0   0   0   0   0]
 [  0   0   0   0   0   0   0   0   0   0 219   0   0   0   0   0]
 [  0   0   0   0   0   0   0   0   0   0   8   0   0   0   0   0]
 [  0   0   0   0   0   0   0   0   0   0 143   0   0   0   0   0]
 [  0   0   0   0   0   0   0   0   0   0   6   0   0   0   0   0]
 [  0   0   0   0   0   0   0   0   0   0 292   0   0   0   0   0]
 [  0   0   0   0   0   0   0   0   0   0 737   0   0   0   0   0]
 [  0   0   0   0   0   0   0   0   0   0 178   0   0   0   0   0]
 [  0   0   0   0   0   0   0   0   0   0  61   0   0   0   0   0]
 [  0   0   0   0   0   0   0   0   0   0 380   0   0   0   0   0]
 [  0   0   0   0   0   0   0   0   0   0 116   0   0   0   0   0]
 [  0   0   0   0   0   0   0   0   0   0  28   0   0   0   0   0]]