Test loss (%) 4.6744
Test accuracy (%) 98.1464

Kappa accuracy (%) 97.94
Overall accuracy (%) 98.15
Average accuracy (%) 99.26

              precision    recall  f1-score   support

           0       1.00      1.00      1.00       603
           1       1.00      1.00      1.00      1118
           2       1.00      0.99      1.00       593
           3       1.00      1.00      1.00       418
           4       0.99      1.00      1.00       803
           5       1.00      1.00      1.00      1188
           6       1.00      1.00      1.00      1074
           7       0.97      0.94      0.96      3381
           8       1.00      1.00      1.00      1861
           9       1.00      1.00      1.00       983
          10       1.00      1.00      1.00       320
          11       1.00      1.00      1.00       578
          12       1.00      1.00      1.00       275
          13       1.00      1.00      1.00       321
          14       0.92      0.95      0.93      2181
          15       1.00      1.00      1.00       542

    accuracy                           0.98     16239
   macro avg       0.99      0.99      0.99     16239
weighted avg       0.98      0.98      0.98     16239

[[ 603    0    0    0    0    0    0    0    0    0    0    0    0    0
     0    0]
 [   0 1118    0    0    0    0    0    0    0    0    0    0    0    0
     0    0]
 [   0    0  588    0    5    0    0    0    0    0    0    0    0    0
     0    0]
 [   0    0    0  416    2    0    0    0    0    0    0    0    0    0
     0    0]
 [   0    0    0    1  802    0    0    0    0    0    0    0    0    0
     0    0]
 [   0    0    0    0    0 1188    0    0    0    0    0    0    0    0
     0    0]
 [   0    0    0    0    0    0 1074    0    0    0    0    0    0    0
     0    0]
 [   0    0    0    0    0    0    0 3193    0    0    0    0    0    0
   188    0]
 [   0    0    0    0    0    0    0    0 1861    0    0    0    0    0
     0    0]
 [   0    0    0    0    0    0    0    0    1  982    0    0    0    0
     0    0]
 [   0    0    0    0    0    0    0    0    0    0  320    0    0    0
     0    0]
 [   0    0    0    0    0    0    0    0    0    0    0  578    0    0
     0    0]
 [   0    0    0    0    0    0    0    0    0    0    0    0  275    0
     0    0]
 [   0    0    0    0    0    0    0    0    0    0    0    0    0  321
     0    0]
 [   0    0    0    0    0    0    0  104    0    0    0    0    0    0
  2077    0]
 [   0    0    0    0    0    0    0    0    0    0    0    0    0    0
     0  542]]