Test loss (%) 15.1692
Test accuracy (%) 95.5601

Kappa accuracy (%) 95.05
Overall accuracy (%) 95.56
Average accuracy (%) 96.78

              precision    recall  f1-score   support

           0       1.00      1.00      1.00       603
           1       0.99      1.00      1.00      1118
           2       0.98      1.00      0.99       593
           3       0.97      0.96      0.97       418
           4       0.99      0.98      0.98       803
           5       1.00      1.00      1.00      1188
           6       1.00      1.00      1.00      1074
           7       0.88      0.94      0.91      3381
           8       1.00      1.00      1.00      1861
           9       0.99      0.99      0.99       983
          10       0.99      0.97      0.98       320
          11       0.95      1.00      0.97       578
          12       1.00      0.85      0.92       275
          13       0.96      1.00      0.98       321
          14       0.90      0.80      0.85      2181
          15       1.00      0.99      1.00       542

    accuracy                           0.96     16239
   macro avg       0.97      0.97      0.97     16239
weighted avg       0.96      0.96      0.96     16239

[[ 603    0    0    0    0    0    0    0    0    0    0    0    0    0
     0    0]
 [   0 1118    0    0    0    0    0    0    0    0    0    0    0    0
     0    0]
 [   0    0  592    0    0    0    0    0    0    0    0    0    0    0
     1    0]
 [   0    0    0  403   11    0    0    0    0    0    0    0    0    0
     4    0]
 [   0    0   10    9  784    0    0    0    0    0    0    0    0    0
     0    0]
 [   0    0    0    0    0 1188    0    0    0    0    0    0    0    0
     0    0]
 [   0    0    4    0    0    0 1070    0    0    0    0    0    0    0
     0    0]
 [   0    7    0    0    0    0    0 3194    1    0    0    0    0    0
   179    0]
 [   0    0    0    0    0    0    0    1 1860    0    0    0    0    0
     0    0]
 [   0    0    0    0    0    0    0    0    5  975    3    0    0    0
     0    0]
 [   0    0    0    0    0    0    0    0    0    8  309    3    0    0
     0    0]
 [   0    0    0    0    0    0    0    0    0    0    0  578    0    0
     0    0]
 [   0    0    0    0    0    0    0    0    0    0    0   29  234   12
     0    0]
 [   0    0    0    0    0    0    0    0    0    0    0    0    0  321
     0    0]
 [   0    1    0    4    0    0    0  426    0    0    0    0    0    0
  1750    0]
 [   0    3    0    0    0    0    0    0    0    0    0    0    0    0
     0  539]]